	AspNid.pep	ConCor.proteins	SacCer.proteins	ggMorZona1.proteins	ggMucLanc1.proteins	ggRhiOryz1.proteins	gzAbsCyli1.proteins	gzAbsGlau1.proteins	gzCunBlak1.proteins	gzCunEchi1.proteins	gzLicCory1.proteins	gzLinHyal1.proteins	gzMorAlpi1.proteins	gzMucCirc1.proteins	gzMucCirc2.proteins	gzMucFrag1.proteins	gzMucHiem1.proteins	gzMucPlum2.proteins	gzPodHuml1.proteins	gzRhiMicr1.proteins	gzRhiStol1.proteins	gzUmbIsab1.proteins	gzUmbRama1.proteins	gzUmbVina1.proteins
AspNid.pep	5157	3177	3205	3942	3909	3867	3954	3944	3966	3950	3926	3951	3925	3978	3979	3975	3925	3983	3971	3879	3852	4156	4176	4152
ConCor.proteins	3177	4534	2684	3737	3668	3638	3710	3695	3715	3708	3661	3736	3708	3710	3711	3704	3667	3715	3757	3640	3617	3731	3725	3700
SacCer.proteins	3205	2684	3643	3139	3157	3128	3182	3175	3169	3154	3131	3132	3118	3184	3187	3178	3151	3190	3144	3132	3121	3209	3205	3183
ggMorZona1.proteins	3942	3737	3139	8695	4768	4684	4809	4793	4813	4795	4754	8560	7113	4815	4818	4806	4759	4824	7162	4699	4667	4897	4910	4876
ggMucLanc1.proteins	3909	3668	3157	4768	7034	6315	6071	6029	5991	5982	6022	4769	4736	6726	6697	6642	6605	6708	4796	6283	6221	5710	5726	5672
ggRhiOryz1.proteins	3867	3638	3128	4684	6315	6979	5948	5880	5865	5856	5908	4684	4652	6385	6367	6310	6359	6351	4717	6456	6454	5611	5619	5587
gzAbsCyli1.proteins	3954	3710	3182	4809	6071	5948	7197	6694	6528	6546	6042	4814	4776	6150	6158	6110	6093	6153	4852	5947	5881	5767	5772	5730
gzAbsGlau1.proteins	3944	3695	3175	4793	6029	5880	6694	6842	6454	6444	5994	4798	4766	6118	6112	6079	6015	6129	4835	5883	5818	5746	5747	5696
gzCunBlak1.proteins	3966	3715	3169	4813	5991	5865	6528	6454	7074	6832	5962	4819	4780	6086	6090	6051	5998	6094	4852	5852	5789	5734	5752	5708
gzCunEchi1.proteins	3950	3708	3154	4795	5982	5856	6546	6444	6832	7139	5960	4801	4769	6064	6069	6043	6002	6075	4837	5854	5782	5725	5729	5697
gzLicCory1.proteins	3926	3661	3131	4754	6022	5908	6042	5994	5962	5960	6681	4763	4715	6125	6125	6080	6044	6115	4785	5905	5852	5728	5742	5693
gzLinHyal1.proteins	3951	3736	3132	8560	4769	4684	4814	4798	4819	4801	4763	8724	7123	4822	4825	4812	4762	4833	7169	4699	4664	4908	4921	4881
gzMorAlpi1.proteins	3925	3708	3118	7113	4736	4652	4776	4766	4780	4769	4715	7123	7479	4783	4790	4771	4725	4794	7036	4663	4628	4874	4885	4843
gzMucCirc1.proteins	3978	3710	3184	4815	6726	6385	6150	6118	6086	6064	6125	4822	4783	7620	7439	7225	6795	7134	4862	6373	6293	5800	5820	5764
gzMucCirc2.proteins	3979	3711	3187	4818	6697	6367	6158	6112	6090	6069	6125	4825	4790	7439	7589	7205	6766	7114	4862	6352	6271	5799	5822	5765
gzMucFrag1.proteins	3975	3704	3178	4806	6642	6310	6110	6079	6051	6043	6080	4812	4771	7225	7205	7387	6729	7059	4848	6311	6232	5786	5805	5751
gzMucHiem1.proteins	3925	3667	3151	4759	6605	6359	6093	6015	5998	6002	6044	4762	4725	6795	6766	6729	7272	6757	4795	6325	6267	5724	5745	5696
gzMucPlum2.proteins	3983	3715	3190	4824	6708	6351	6153	6129	6094	6075	6115	4833	4794	7134	7114	7059	6757	7345	4865	6349	6271	5805	5826	5763
gzPodHuml1.proteins	3971	3757	3144	7162	4796	4717	4852	4835	4852	4837	4785	7169	7036	4862	4862	4848	4795	4865	7662	4730	4695	4950	4958	4922
gzRhiMicr1.proteins	3879	3640	3132	4699	6283	6456	5947	5883	5852	5854	5905	4699	4663	6373	6352	6311	6325	6349	4730	6835	6331	5615	5623	5584
gzRhiStol1.proteins	3852	3617	3121	4667	6221	6454	5881	5818	5789	5782	5852	4664	4628	6293	6271	6232	6267	6271	4695	6331	6824	5563	5554	5532
gzUmbIsab1.proteins	4156	3731	3209	4897	5710	5611	5767	5746	5734	5725	5728	4908	4874	5800	5799	5786	5724	5805	4950	5615	5563	7102	6804	6756
gzUmbRama1.proteins	4176	3725	3205	4910	5726	5619	5772	5747	5752	5729	5742	4921	4885	5820	5822	5805	5745	5826	4958	5623	5554	6804	7133	6780
gzUmbVina1.proteins	4152	3700	3183	4876	5672	5587	5730	5696	5708	5697	5693	4881	4843	5764	5765	5751	5696	5763	4922	5584	5532	6756	6780	7129
